9223043933
9979797330
9092229129
9219739119
9220958563
9715587506
9080805409
9492763101
9823732606
9470819052
9637211130
9287409823
9688724256
9155405739
9329796635
9933090796
9612409611
9772597602
9257198413
9853879431
9362864458
9463266986
9063975168
9974917576
9025003037
9030653205
9864240721
9173823843
9326905255
9276103834
9087532271
9715168543
9803280987
9213957233
9861047742
9757716771
9607783166
9834150139
9665375911
9606975999
9958255422
9764920794
9883266523
9713454967
9989039913
9881472833
9180327735
9035272760
9685073117
9174087014
9705578436
9712406429
9165523883
9398667341
9942890702
9464358765
9387354137
9914525543
9632879847
9148029739
9251587130
9413609324
9514590297
9265486899
9434556555
9158267367
9316980704
9227515756
9955802955
9328910031
9911334289
9676624726
9212603594
9913013867
9278711654
9251361942
9265938764
9153862943
9854178443
9634399906
9578478475
9257264872
9570311127
9245207703
9613177864
9758119533
9397635735
9918998104
9175989465
9479627800
9161295292
9228359244
9039133956
9638892612
9903693077
9340073072
9476602718
9515493231
9532637086
9993704965
